dataSetIndex,algo_index,query_nums,single_time,accumulated_time
1,0,1,290,290
1,0,2,292,582
1,0,3,285,867
1,0,4,303,1170
1,0,5,285,1455
1,0,6,279,1734
1,0,7,277,2011
1,0,8,277,2288
1,0,9,281,2569
1,0,10,282,2851
1,0,11,279,3130
1,0,12,287,3417
1,0,13,279,3696
1,0,14,275,3971
1,0,15,278,4249
1,0,16,280,4529
1,0,17,277,4806
1,0,18,286,5092
1,0,19,277,5369
1,0,20,279,5648
1,0,21,279,5927
1,0,22,277,6204
1,0,23,277,6481
1,0,24,276,6757
1,0,25,275,7032
1,0,26,276,7308
1,0,27,277,7585
1,0,28,282,7867
1,0,29,277,8144
1,0,30,275,8419
1,0,31,276,8695
1,0,32,288,8983
1,0,33,277,9260
1,0,34,277,9537
1,0,35,279,9816
1,0,36,280,10096
1,0,37,279,10375
1,0,38,278,10653
1,0,39,276,10929
1,0,40,278,11207
1,0,41,277,11484
1,0,42,280,11764
1,0,43,278,12042
1,0,44,279,12321
1,0,45,276,12597
1,0,46,275,12872
1,0,47,276,13148
1,0,48,277,13425
1,0,49,274,13699
1,0,50,275,13974
1,0,51,277,14251
1,0,52,274,14525
1,0,53,274,14799
1,0,54,275,15074
1,0,55,274,15348
1,0,56,274,15622
1,0,57,275,15897
1,0,58,275,16172
1,0,59,275,16447
1,0,60,284,16731
1,0,61,279,17010
1,0,62,276,17286
1,0,63,277,17563
1,0,64,275,17838
1,0,65,275,18113
1,0,66,275,18388
1,0,67,274,18662
1,0,68,275,18937
1,0,69,276,19213
1,0,70,275,19488
1,0,71,275,19763
1,0,72,275,20038
1,0,73,274,20312
1,0,74,277,20589
1,0,75,277,20866
1,0,76,276,21142
1,0,77,277,21419
1,0,78,289,21708
1,0,79,280,21988
1,0,80,281,22269
1,0,81,280,22549
1,0,82,293,22842
1,0,83,285,23127
1,0,84,289,23416
1,0,85,292,23708
1,0,86,295,24003
1,0,87,288,24291
1,0,88,290,24581
1,0,89,294,24875
1,0,90,292,25167
1,0,91,287,25454
1,0,92,288,25742
1,0,93,291,26033
1,0,94,293,26326
1,0,95,304,26630
1,0,96,302,26932
1,0,97,284,27216
1,0,98,288,27504
1,0,99,276,27780
1,0,100,276,28056
1,0,101,276,28332
1,0,102,276,28608
1,0,103,275,28883
1,0,104,298,29181
1,0,105,285,29466
1,0,106,289,29755
1,0,107,293,30048
1,0,108,298,30346
1,0,109,284,30630
1,0,110,286,30916
1,0,111,279,31195
1,0,112,284,31479
1,0,113,274,31753
1,0,114,274,32027
1,0,115,273,32300
1,0,116,273,32573
1,0,117,274,32847
1,0,118,284,33131
1,0,119,278,33409
1,0,120,284,33693
1,0,121,275,33968
1,0,122,276,34244
1,0,123,280,34524
1,0,124,274,34798
1,0,125,277,35075
1,0,126,280,35355
1,0,127,278,35633
1,0,128,279,35912
1,0,129,276,36188
1,0,130,277,36465
1,0,131,275,36740
1,0,132,278,37018
1,0,133,281,37299
1,0,134,277,37576
1,0,135,275,37851
1,0,136,278,38129
1,0,137,276,38405
1,0,138,276,38681
1,0,139,274,38955
1,0,140,275,39230
1,0,141,277,39507
1,0,142,277,39784
1,0,143,276,40060
1,0,144,278,40338
1,0,145,279,40617
1,0,146,274,40891
1,0,147,278,41169
1,0,148,274,41443
1,0,149,274,41717
1,0,150,275,41992
1,0,151,286,42278
1,0,152,278,42556
1,0,153,278,42834
1,0,154,278,43112
1,0,155,276,43388
1,0,156,279,43667
1,0,157,276,43943
1,0,158,278,44221
1,0,159,275,44496
1,0,160,278,44774
1,0,161,279,45053
1,0,162,280,45333
1,0,163,286,45619
1,0,164,280,45899
1,0,165,280,46179
1,0,166,279,46458
1,0,167,286,46744
1,0,168,282,47026
1,0,169,290,47316
1,0,170,280,47596
1,0,171,276,47872
1,0,172,277,48149
1,0,173,283,48432
1,0,174,275,48707
1,0,175,279,48986
1,0,176,281,49267
1,0,177,283,49550
1,0,178,280,49830
1,0,179,289,50119
1,0,180,280,50399
1,0,181,280,50679
1,0,182,276,50955
1,0,183,285,51240
1,0,184,279,51519
1,0,185,280,51799
1,0,186,280,52079
1,0,187,276,52355
1,0,188,277,52632
1,0,189,279,52911
1,0,190,295,53206
1,0,191,287,53493
1,0,192,277,53770
1,0,193,283,54053
1,0,194,277,54330
1,0,195,278,54608
1,0,196,280,54888
1,0,197,277,55165
1,0,198,276,55441
1,0,199,278,55719
1,0,200,283,56002
1,1,1,209,209
1,1,2,197,406
1,1,3,188,594
1,1,4,195,789
1,1,5,198,987
1,1,6,200,1187
1,1,7,177,1364
1,1,8,203,1567
1,1,9,209,1776
1,1,10,138,1914
1,1,11,202,2116
1,1,12,201,2317
1,1,13,202,2519
1,1,14,204,2723
1,1,15,122,2845
1,1,16,173,3018
1,1,17,161,3179
1,1,18,206,3385
1,1,19,150,3535
1,1,20,197,3732
1,1,21,187,3919
1,1,22,195,4114
1,1,23,197,4311
1,1,24,128,4439
1,1,25,110,4549
1,1,26,107,4656
1,1,27,168,4824
1,1,28,206,5030
1,1,29,153,5183
1,1,30,190,5373
1,1,31,198,5571
1,1,32,107,5678
1,1,33,106,5784
1,1,34,107,5891
1,1,35,186,6077
1,1,36,102,6179
1,1,37,202,6381
1,1,38,194,6575
1,1,39,197,6772
1,1,40,177,6949
1,1,41,93,7042
1,1,42,162,7204
1,1,43,150,7354
1,1,44,208,7562
1,1,45,218,7780
1,1,46,183,7963
1,1,47,154,8117
1,1,48,166,8283
1,1,49,87,8370
1,1,50,193,8563
1,1,51,181,8744
1,1,52,83,8827
1,1,53,164,8991
1,1,54,136,9127
1,1,55,81,9208
1,1,56,183,9391
1,1,57,191,9582
1,1,58,215,9797
1,1,59,78,9875
1,1,60,81,9956
1,1,61,169,10125
1,1,62,147,10272
1,1,63,201,10473
1,1,64,185,10658
1,1,65,115,10773
1,1,66,186,10959
1,1,67,196,11155
1,1,68,76,11231
1,1,69,149,11380
1,1,70,75,11455
1,1,71,76,11531
1,1,72,105,11636
1,1,73,69,11705
1,1,74,69,11774
1,1,75,71,11845
1,1,76,71,11916
1,1,77,73,11989
1,1,78,182,12171
1,1,79,72,12243
1,1,80,196,12439
1,1,81,153,12592
1,1,82,160,12752
1,1,83,66,12818
1,1,84,162,12980
1,1,85,188,13168
1,1,86,205,13373
1,1,87,204,13577
1,1,88,205,13782
1,1,89,190,13972
1,1,90,185,14157
1,1,91,186,14343
1,1,92,204,14547
1,1,93,221,14768
1,1,94,212,14980
1,1,95,212,15192
1,1,96,193,15385
1,1,97,174,15559
1,1,98,184,15743
1,1,99,177,15920
1,1,100,200,16120
1,1,101,200,16320
1,1,102,204,16524
1,1,103,129,16653
1,1,104,186,16839
1,1,105,179,17018
1,1,106,186,17204
1,1,107,177,17381
1,1,108,186,17567
1,1,109,166,17733
1,1,110,165,17898
1,1,111,197,18095
1,1,112,201,18296
1,1,113,214,18510
1,1,114,61,18571
1,1,115,63,18634
1,1,116,57,18691
1,1,117,58,18749
1,1,118,189,18938
1,1,119,162,19100
1,1,120,199,19299
1,1,121,102,19401
1,1,122,197,19598
1,1,123,183,19781
1,1,124,218,19999
1,1,125,205,20204
1,1,126,185,20389
1,1,127,97,20486
1,1,128,183,20669
1,1,129,173,20842
1,1,130,182,21024
1,1,131,172,21196
1,1,132,109,21305
1,1,133,183,21488
1,1,134,191,21679
1,1,135,192,21871
1,1,136,157,22028
1,1,137,128,22156
1,1,138,129,22285
1,1,139,169,22454
1,1,140,50,22504
1,1,141,174,22678
1,1,142,94,22772
1,1,143,187,22959
1,1,144,171,23130
1,1,145,175,23305
1,1,146,197,23502
1,1,147,96,23598
1,1,148,211,23809
1,1,149,49,23858
1,1,150,49,23907
1,1,151,78,23985
1,1,152,111,24096
1,1,153,93,24189
1,1,154,93,24282
1,1,155,67,24349
1,1,156,50,24399
1,1,157,47,24446
1,1,158,49,24495
1,1,159,49,24544
1,1,160,50,24594
1,1,161,49,24643
1,1,162,49,24692
1,1,163,50,24742
1,1,164,54,24796
1,1,165,188,24984
1,1,166,47,25031
1,1,167,64,25095
1,1,168,148,25243
1,1,169,197,25440
1,1,170,63,25503
1,1,171,92,25595
1,1,172,115,25710
1,1,173,83,25793
1,1,174,88,25881
1,1,175,44,25925
1,1,176,132,26057
1,1,177,172,26229
1,1,178,118,26347
1,1,179,72,26419
1,1,180,181,26600
1,1,181,99,26699
1,1,182,161,26860
1,1,183,150,27010
1,1,184,73,27083
1,1,185,93,27176
1,1,186,95,27271
1,1,187,96,27367
1,1,188,172,27539
1,1,189,159,27698
1,1,190,44,27742
1,1,191,186,27928
1,1,192,186,28114
1,1,193,186,28300
1,1,194,153,28453
1,1,195,204,28657
1,1,196,166,28823
1,1,197,194,29017
1,1,198,110,29127
1,1,199,168,29295
1,1,200,42,29337
1,2,1,549,549
1,2,2,491,1040
1,2,3,270,1310
1,2,4,252,1562
1,2,5,516,2078
1,2,6,301,2379
1,2,7,440,2819
1,2,8,222,3041
1,2,9,304,3345
1,2,10,89,3434
1,2,11,375,3809
1,2,12,197,4006
1,2,13,141,4147
1,2,14,166,4313
1,2,15,40,4353
1,2,16,218,4571
1,2,17,177,4748
1,2,18,87,4835
1,2,19,118,4953
1,2,20,104,5057
1,2,21,154,5211
1,2,22,71,5282
1,2,23,282,5564
1,2,24,45,5609
1,2,25,18,5627
1,2,26,20,5647
1,2,27,145,5792
1,2,28,160,5952
1,2,29,28,5980
1,2,30,93,6073
1,2,31,35,6108
1,2,32,24,6132
1,2,33,19,6151
1,2,34,10,6161
1,2,35,125,6286
1,2,36,29,6315
1,2,37,138,6453
1,2,38,145,6598
1,2,39,130,6728
1,2,40,134,6862
1,2,41,3,6865
1,2,42,104,6969
1,2,43,72,7041
1,2,44,131,7172
1,2,45,105,7277
1,2,46,96,7373
1,2,47,69,7442
1,2,48,87,7529
1,2,49,15,7544
1,2,50,81,7625
1,2,51,89,7714
1,2,52,16,7730
1,2,53,118,7848
1,2,54,77,7925
1,2,55,8,7933
1,2,56,102,8035
1,2,57,89,8124
1,2,58,134,8258
1,2,59,13,8271
1,2,60,9,8280
1,2,61,119,8399
1,2,62,48,8447
1,2,63,94,8541
1,2,64,96,8637
1,2,65,61,8698
1,2,66,107,8805
1,2,67,132,8937
1,2,68,5,8942
1,2,69,92,9034
1,2,70,28,9062
1,2,71,29,9091
1,2,72,77,9168
1,2,73,6,9174
1,2,74,4,9178
1,2,75,29,9207
1,2,76,27,9234
1,2,77,25,9259
1,2,78,118,9377
1,2,79,42,9419
1,2,80,79,9498
1,2,81,156,9654
1,2,82,112,9766
1,2,83,1,9767
1,2,84,160,9927
1,2,85,96,10023
1,2,86,95,10118
1,2,87,96,10214
1,2,88,95,10309
1,2,89,102,10411
1,2,90,121,10532
1,2,91,121,10653
1,2,92,98,10751
1,2,93,144,10895
1,2,94,130,11025
1,2,95,132,11157
1,2,96,101,11258
1,2,97,120,11378
1,2,98,104,11482
1,2,99,163,11645
1,2,100,96,11741
1,2,101,139,11880
1,2,102,107,11987
1,2,103,55,12042
1,2,104,118,12160
1,2,105,99,12259
1,2,106,98,12357
1,2,107,98,12455
1,2,108,103,12558
1,2,109,108,12666
1,2,110,102,12768
1,2,111,106,12874
1,2,112,99,12973
1,2,113,127,13100
1,2,114,12,13112
1,2,115,10,13122
1,2,116,6,13128
1,2,117,3,13131
1,2,118,96,13227
1,2,119,99,13326
1,2,120,127,13453
1,2,121,64,13517
1,2,122,103,13620
1,2,123,99,13719
1,2,124,138,13857
1,2,125,101,13958
1,2,126,122,14080
1,2,127,83,14163
1,2,128,88,14251
1,2,129,107,14358
1,2,130,106,14464
1,2,131,99,14563
1,2,132,90,14653
1,2,133,61,14714
1,2,134,104,14818
1,2,135,103,14921
1,2,136,91,15012
1,2,137,100,15112
1,2,138,99,15211
1,2,139,120,15331
1,2,140,2,15333
1,2,141,98,15431
1,2,142,83,15514
1,2,143,111,15625
1,2,144,97,15722
1,2,145,105,15827
1,2,146,100,15927
1,2,147,89,16016
1,2,148,130,16146
1,2,149,6,16152
1,2,150,3,16155
1,2,151,54,16209
1,2,152,88,16297
1,2,153,59,16356
1,2,154,59,16415
1,2,155,43,16458
1,2,156,15,16473
1,2,157,7,16480
1,2,158,15,16495
1,2,159,15,16510
1,2,160,15,16525
1,2,161,10,16535
1,2,162,15,16550
1,2,163,8,16558
1,2,164,21,16579
1,2,165,120,16699
1,2,166,6,16705
1,2,167,25,16730
1,2,168,105,16835
1,2,169,102,16937
1,2,170,34,16971
1,2,171,76,17047
1,2,172,84,17131
1,2,173,33,17164
1,2,174,71,17235
1,2,175,7,17242
1,2,176,108,17350
1,2,177,88,17438
1,2,178,75,17513
1,2,179,61,17574
1,2,180,117,17691
1,2,181,51,17742
1,2,182,110,17852
1,2,183,124,17976
1,2,184,37,18013
1,2,185,87,18100
1,2,186,86,18186
1,2,187,87,18273
1,2,188,96,18369
1,2,189,97,18466
1,2,190,8,18474
1,2,191,121,18595
1,2,192,127,18722
1,2,193,121,18843
1,2,194,103,18946
1,2,195,99,19045
1,2,196,117,19162
1,2,197,128,19290
1,2,198,94,19384
1,2,199,102,19486
1,2,200,4,19490
1,3,1,290,290
1,3,2,279,569
1,3,3,274,843
1,3,4,278,1121
1,3,5,279,1400
1,3,6,278,1678
1,3,7,277,1955
1,3,8,275,2230
1,3,9,273,2503
1,3,10,277,2780
1,3,11,275,3055
1,3,12,276,3331
1,3,13,273,3604
1,3,14,277,3881
1,3,15,275,4156
1,3,16,279,4435
1,3,17,287,4722
1,3,18,299,5021
1,3,19,275,5296
1,3,20,288,5584
1,3,21,278,5862
1,3,22,274,6136
1,3,23,282,6418
1,3,24,277,6695
1,3,25,281,6976
1,3,26,276,7252
1,3,27,275,7527
1,3,28,273,7800
1,3,29,272,8072
1,3,30,275,8347
1,3,31,275,8622
1,3,32,283,8905
1,3,33,283,9188
1,3,34,271,9459
1,3,35,272,9731
1,3,36,279,10010
1,3,37,278,10288
1,3,38,273,10561
1,3,39,278,10839
1,3,40,277,11116
1,3,41,271,11387
1,3,42,276,11663
1,3,43,279,11942
1,3,44,275,12217
1,3,45,277,12494
1,3,46,284,12778
1,3,47,280,13058
1,3,48,279,13337
1,3,49,275,13612
1,3,50,280,13892
1,3,51,274,14166
1,3,52,273,14439
1,3,53,274,14713
1,3,54,275,14988
1,3,55,272,15260
1,3,56,281,15541
1,3,57,274,15815
1,3,58,275,16090
1,3,59,274,16364
1,3,60,274,16638
1,3,61,277,16915
1,3,62,273,17188
1,3,63,273,17461
1,3,64,276,17737
1,3,65,273,18010
1,3,66,275,18285
1,3,67,274,18559
1,3,68,272,18831
1,3,69,273,19104
1,3,70,274,19378
1,3,71,272,19650
1,3,72,273,19923
1,3,73,272,20195
1,3,74,273,20468
1,3,75,273,20741
1,3,76,275,21016
1,3,77,273,21289
1,3,78,275,21564
1,3,79,272,21836
1,3,80,275,22111
1,3,81,273,22384
1,3,82,273,22657
1,3,83,273,22930
1,3,84,276,23206
1,3,85,282,23488
1,3,86,279,23767
1,3,87,274,24041
1,3,88,280,24321
1,3,89,274,24595
1,3,90,274,24869
1,3,91,278,25147
1,3,92,277,25424
1,3,93,273,25697
1,3,94,274,25971
1,3,95,273,26244
1,3,96,275,26519
1,3,97,280,26799
1,3,98,275,27074
1,3,99,277,27351
1,3,100,286,27637
1,3,101,280,27917
1,3,102,277,28194
1,3,103,275,28469
1,3,104,279,28748
1,3,105,280,29028
1,3,106,277,29305
1,3,107,290,29595
1,3,108,279,29874
1,3,109,275,30149
1,3,110,276,30425
1,3,111,296,30721
1,3,112,278,30999
1,3,113,278,31277
1,3,114,274,31551
1,3,115,297,31848
1,3,116,275,32123
1,3,117,281,32404
1,3,118,279,32683
1,3,119,283,32966
1,3,120,277,33243
1,3,121,278,33521
1,3,122,273,33794
1,3,123,276,34070
1,3,124,281,34351
1,3,125,278,34629
1,3,126,280,34909
1,3,127,276,35185
1,3,128,280,35465
1,3,129,278,35743
1,3,130,280,36023
1,3,131,278,36301
1,3,132,281,36582
1,3,133,277,36859
1,3,134,282,37141
1,3,135,273,37414
1,3,136,273,37687
1,3,137,277,37964
1,3,138,291,38255
1,3,139,278,38533
1,3,140,274,38807
1,3,141,278,39085
1,3,142,275,39360
1,3,143,276,39636
1,3,144,275,39911
1,3,145,273,40184
1,3,146,274,40458
1,3,147,291,40749
1,3,148,275,41024
1,3,149,284,41308
1,3,150,278,41586
1,3,151,276,41862
1,3,152,277,42139
1,3,153,275,42414
1,3,154,273,42687
1,3,155,272,42959
1,3,156,280,43239
1,3,157,275,43514
1,3,158,272,43786
1,3,159,273,44059
1,3,160,274,44333
1,3,161,273,44606
1,3,162,281,44887
1,3,163,283,45170
1,3,164,283,45453
1,3,165,276,45729
1,3,166,277,46006
1,3,167,278,46284
1,3,168,283,46567
1,3,169,274,46841
1,3,170,288,47129
1,3,171,276,47405
1,3,172,278,47683
1,3,173,280,47963
1,3,174,278,48241
1,3,175,277,48518
1,3,176,277,48795
1,3,177,273,49068
1,3,178,275,49343
1,3,179,276,49619
1,3,180,277,49896
1,3,181,275,50171
1,3,182,275,50446
1,3,183,276,50722
1,3,184,278,51000
1,3,185,274,51274
1,3,186,275,51549
1,3,187,276,51825
1,3,188,278,52103
1,3,189,271,52374
1,3,190,278,52652
1,3,191,280,52932
1,3,192,278,53210
1,3,193,278,53488
1,3,194,272,53760
1,3,195,274,54034
1,3,196,277,54311
1,3,197,277,54588
1,3,198,275,54863
1,3,199,278,55141
1,3,200,273,55414
1,4,1,212,212
1,4,2,211,423
1,4,3,213,636
1,4,4,214,850
1,4,5,212,1062
1,4,6,217,1279
1,4,7,219,1498
1,4,8,223,1721
1,4,9,226,1947
1,4,10,227,2174
1,4,11,231,2405
1,4,12,232,2637
1,4,13,227,2864
1,4,14,229,3093
1,4,15,229,3322
1,4,16,231,3553
1,4,17,228,3781
1,4,18,232,4013
1,4,19,231,4244
1,4,20,229,4473
1,4,21,226,4699
1,4,22,227,4926
1,4,23,227,5153
1,4,24,228,5381
1,4,25,227,5608
1,4,26,228,5836
1,4,27,232,6068
1,4,28,231,6299
1,4,29,226,6525
1,4,30,227,6752
1,4,31,228,6980
1,4,32,225,7205
1,4,33,225,7430
1,4,34,227,7657
1,4,35,225,7882
1,4,36,226,8108
1,4,37,225,8333
1,4,38,224,8557
1,4,39,226,8783
1,4,40,228,9011
1,4,41,227,9238
1,4,42,228,9466
1,4,43,229,9695
1,4,44,229,9924
1,4,45,228,10152
1,4,46,226,10378
1,4,47,224,10602
1,4,48,232,10834
1,4,49,224,11058
1,4,50,224,11282
1,4,51,227,11509
1,4,52,226,11735
1,4,53,230,11965
1,4,54,231,12196
1,4,55,225,12421
1,4,56,234,12655
1,4,57,229,12884
1,4,58,230,13114
1,4,59,232,13346
1,4,60,228,13574
1,4,61,229,13803
1,4,62,236,14039
1,4,63,243,14282
1,4,64,233,14515
1,4,65,235,14750
1,4,66,234,14984
1,4,67,238,15222
1,4,68,233,15455
1,4,69,243,15698
1,4,70,232,15930
1,4,71,240,16170
1,4,72,232,16402
1,4,73,230,16632
1,4,74,231,16863
1,4,75,224,17087
1,4,76,228,17315
1,4,77,225,17540
1,4,78,231,17771
1,4,79,223,17994
1,4,80,228,18222
1,4,81,227,18449
1,4,82,228,18677
1,4,83,229,18906
1,4,84,229,19135
1,4,85,227,19362
1,4,86,229,19591
1,4,87,229,19820
1,4,88,229,20049
1,4,89,235,20284
1,4,90,228,20512
1,4,91,237,20749
1,4,92,229,20978
1,4,93,227,21205
1,4,94,225,21430
1,4,95,224,21654
1,4,96,226,21880
1,4,97,224,22104
1,4,98,232,22336
1,4,99,225,22561
1,4,100,233,22794
1,4,101,227,23021
1,4,102,226,23247
1,4,103,225,23472
1,4,104,226,23698
1,4,105,225,23923
1,4,106,222,24145
1,4,107,225,24370
1,4,108,231,24601
1,4,109,224,24825
1,4,110,225,25050
1,4,111,227,25277
1,4,112,228,25505
1,4,113,227,25732
1,4,114,224,25956
1,4,115,225,26181
1,4,116,224,26405
1,4,117,223,26628
1,4,118,230,26858
1,4,119,228,27086
1,4,120,231,27317
1,4,121,226,27543
1,4,122,227,27770
1,4,123,226,27996
1,4,124,231,28227
1,4,125,232,28459
1,4,126,227,28686
1,4,127,222,28908
1,4,128,230,29138
1,4,129,232,29370
1,4,130,227,29597
1,4,131,226,29823
1,4,132,227,30050
1,4,133,230,30280
1,4,134,229,30509
1,4,135,229,30738
1,4,136,227,30965
1,4,137,226,31191
1,4,138,227,31418
1,4,139,229,31647
1,4,140,221,31868
1,4,141,231,32099
1,4,142,225,32324
1,4,143,230,32554
1,4,144,226,32780
1,4,145,235,33015
1,4,146,232,33247
1,4,147,229,33476
1,4,148,228,33704
1,4,149,225,33929
1,4,150,224,34153
1,4,151,226,34379
1,4,152,228,34607
1,4,153,225,34832
1,4,154,225,35057
1,4,155,223,35280
1,4,156,225,35505
1,4,157,228,35733
1,4,158,225,35958
1,4,159,225,36183
1,4,160,224,36407
1,4,161,227,36634
1,4,162,226,36860
1,4,163,226,37086
1,4,164,224,37310
1,4,165,226,37536
1,4,166,226,37762
1,4,167,228,37990
1,4,168,228,38218
1,4,169,226,38444
1,4,170,225,38669
1,4,171,227,38896
1,4,172,227,39123
1,4,173,230,39353
1,4,174,228,39581
1,4,175,225,39806
1,4,176,228,40034
1,4,177,227,40261
1,4,178,226,40487
1,4,179,230,40717
1,4,180,230,40947
1,4,181,233,41180
1,4,182,228,41408
1,4,183,233,41641
1,4,184,228,41869
1,4,185,226,42095
1,4,186,226,42321
1,4,187,225,42546
1,4,188,225,42771
1,4,189,225,42996
1,4,190,227,43223
1,4,191,229,43452
1,4,192,228,43680
1,4,193,225,43905
1,4,194,225,44130
1,4,195,229,44359
1,4,196,225,44584
1,4,197,226,44810
1,4,198,225,45035
1,4,199,225,45260
1,4,200,226,45486
1,5,1,462,462
1,5,2,526,988
1,5,3,530,1518
1,5,4,437,1955
1,5,5,492,2447
1,5,6,436,2883
1,5,7,487,3370
1,5,8,377,3747
1,5,9,420,4167
1,5,10,415,4582
1,5,11,308,4890
1,5,12,260,5150
1,5,13,198,5348
1,5,14,244,5592
1,5,15,207,5799
1,5,16,143,5942
1,5,17,216,6158
1,5,18,168,6326
1,5,19,179,6505
1,5,20,158,6663
1,5,21,168,6831
1,5,22,171,7002
1,5,23,214,7216
1,5,24,193,7409
1,5,25,220,7629
1,5,26,226,7855
1,5,27,201,8056
1,5,28,178,8234
1,5,29,179,8413
1,5,30,163,8576
1,5,31,189,8765
1,5,32,76,8841
1,5,33,78,8919
1,5,34,174,9093
1,5,35,163,9256
1,5,36,77,9333
1,5,37,189,9522
1,5,38,181,9703
1,5,39,187,9890
1,5,40,181,10071
1,5,41,222,10293
1,5,42,205,10498
1,5,43,184,10682
1,5,44,178,10860
1,5,45,140,11000
1,5,46,166,11166
1,5,47,127,11293
1,5,48,124,11417
1,5,49,75,11492
1,5,50,156,11648
1,5,51,165,11813
1,5,52,190,12003
1,5,53,184,12187
1,5,54,181,12368
1,5,55,76,12444
1,5,56,145,12589
1,5,57,179,12768
1,5,58,160,12928
1,5,59,226,13154
1,5,60,209,13363
1,5,61,165,13528
1,5,62,178,13706
1,5,63,162,13868
1,5,64,160,14028
1,5,65,203,14231
1,5,66,181,14412
1,5,67,204,14616
1,5,68,77,14693
1,5,69,203,14896
1,5,70,186,15082
1,5,71,188,15270
1,5,72,209,15479
1,5,73,220,15699
1,5,74,217,15916
1,5,75,207,16123
1,5,76,204,16327
1,5,77,212,16539
1,5,78,191,16730
1,5,79,202,16932
1,5,80,126,17058
1,5,81,208,17266
1,5,82,189,17455
1,5,83,221,17676
1,5,84,187,17863
1,5,85,171,18034
1,5,86,165,18199
1,5,87,163,18362
1,5,88,160,18522
1,5,89,181,18703
1,5,90,152,18855
1,5,91,151,19006
1,5,92,169,19175
1,5,93,198,19373
1,5,94,197,19570
1,5,95,196,19766
1,5,96,200,19966
1,5,97,159,20125
1,5,98,174,20299
1,5,99,187,20486
1,5,100,173,20659
1,5,101,203,20862
1,5,102,188,21050
1,5,103,182,21232
1,5,104,162,21394
1,5,105,168,21562
1,5,106,168,21730
1,5,107,170,21900
1,5,108,174,22074
1,5,109,157,22231
1,5,110,167,22398
1,5,111,154,22552
1,5,112,152,22704
1,5,113,204,22908
1,5,114,186,23094
1,5,115,173,23267
1,5,116,224,23491
1,5,117,220,23711
1,5,118,176,23887
1,5,119,167,24054
1,5,120,171,24225
1,5,121,207,24432
1,5,122,195,24627
1,5,123,167,24794
1,5,124,207,25001
1,5,125,153,25154
1,5,126,187,25341
1,5,127,208,25549
1,5,128,174,25723
1,5,129,165,25888
1,5,130,196,26084
1,5,131,173,26257
1,5,132,158,26415
1,5,133,147,26562
1,5,134,198,26760
1,5,135,196,26956
1,5,136,174,27130
1,5,137,163,27293
1,5,138,159,27452
1,5,139,192,27644
1,5,140,223,27867
1,5,141,184,28051
1,5,142,207,28258
1,5,143,172,28430
1,5,144,163,28593
1,5,145,175,28768
1,5,146,147,28915
1,5,147,188,29103
1,5,148,194,29297
1,5,149,202,29499
1,5,150,228,29727
1,5,151,211,29938
1,5,152,208,30146
1,5,153,209,30355
1,5,154,216,30571
1,5,155,189,30760
1,5,156,182,30942
1,5,157,84,31026
1,5,158,177,31203
1,5,159,177,31380
1,5,160,179,31559
1,5,161,179,31738
1,5,162,185,31923
1,5,163,81,32004
1,5,164,183,32187
1,5,165,187,32374
1,5,166,205,32579
1,5,167,178,32757
1,5,168,185,32942
1,5,169,186,33128
1,5,170,199,33327
1,5,171,159,33486
1,5,172,201,33687
1,5,173,178,33865
1,5,174,198,34063
1,5,175,213,34276
1,5,176,194,34470
1,5,177,178,34648
1,5,178,178,34826
1,5,179,191,35017
1,5,180,197,35214
1,5,181,184,35398
1,5,182,178,35576
1,5,183,182,35758
1,5,184,175,35933
1,5,185,157,36090
1,5,186,158,36248
1,5,187,157,36405
1,5,188,156,36561
1,5,189,174,36735
1,5,190,92,36827
1,5,191,181,37008
1,5,192,194,37202
1,5,193,185,37387
1,5,194,196,37583
1,5,195,168,37751
1,5,196,198,37949
1,5,197,187,38136
1,5,198,206,38342
1,5,199,150,38492
1,5,200,171,38663
1,6,1,486,486
1,6,2,469,955
1,6,3,464,1419
1,6,4,466,1885
1,6,5,471,2356
1,6,6,468,2824
1,6,7,471,3295
1,6,8,469,3764
1,6,9,461,4225
1,6,10,470,4695
1,6,11,477,5172
1,6,12,483,5655
1,6,13,486,6141
1,6,14,489,6630
1,6,15,472,7102
1,6,16,484,7586
1,6,17,475,8061
1,6,18,479,8540
1,6,19,466,9006
1,6,20,474,9480
1,6,21,464,9944
1,6,22,464,10408
1,6,23,463,10871
1,6,24,464,11335
1,6,25,458,11793
1,6,26,466,12259
1,6,27,465,12724
1,6,28,473,13197
1,6,29,462,13659
1,6,30,476,14135
1,6,31,463,14598
1,6,32,463,15061
1,6,33,466,15527
1,6,34,465,15992
1,6,35,469,16461
1,6,36,464,16925
1,6,37,469,17394
1,6,38,474,17868
1,6,39,466,18334
1,6,40,474,18808
1,6,41,457,19265
1,6,42,460,19725
1,6,43,461,20186
1,6,44,464,20650
1,6,45,461,21111
1,6,46,461,21572
1,6,47,468,22040
1,6,48,460,22500
1,6,49,460,22960
1,6,50,464,23424
1,6,51,460,23884
1,6,52,462,24346
1,6,53,463,24809
1,6,54,465,25274
1,6,55,466,25740
1,6,56,464,26204
1,6,57,467,26671
1,6,58,463,27134
1,6,59,463,27597
1,6,60,462,28059
1,6,61,464,28523
1,6,62,466,28989
1,6,63,466,29455
1,6,64,469,29924
1,6,65,468,30392
1,6,66,464,30856
1,6,67,479,31335
1,6,68,462,31797
1,6,69,461,32258
1,6,70,459,32717
1,6,71,481,33198
1,6,72,459,33657
1,6,73,470,34127
1,6,74,457,34584
1,6,75,465,35049
1,6,76,467,35516
1,6,77,461,35977
1,6,78,462,36439
1,6,79,458,36897
1,6,80,462,37359
1,6,81,478,37837
1,6,82,464,38301
1,6,83,470,38771
1,6,84,461,39232
1,6,85,466,39698
1,6,86,462,40160
1,6,87,466,40626
1,6,88,465,41091
1,6,89,469,41560
1,6,90,464,42024
1,6,91,473,42497
1,6,92,470,42967
1,6,93,468,43435
1,6,94,470,43905
1,6,95,464,44369
1,6,96,466,44835
1,6,97,462,45297
1,6,98,463,45760
1,6,99,464,46224
1,6,100,464,46688
1,6,101,462,47150
1,6,102,463,47613
1,6,103,476,48089
1,6,104,467,48556
1,6,105,468,49024
1,6,106,464,49488
1,6,107,463,49951
1,6,108,463,50414
1,6,109,460,50874
1,6,110,464,51338
1,6,111,462,51800
1,6,112,464,52264
1,6,113,465,52729
1,6,114,463,53192
1,6,115,470,53662
1,6,116,462,54124
1,6,117,470,54594
1,6,118,471,55065
1,6,119,467,55532
1,6,120,481,56013
1,6,121,477,56490
1,6,122,484,56974
1,6,123,489,57463
1,6,124,490,57953
1,6,125,490,58443
1,6,126,484,58927
1,6,127,480,59407
1,6,128,480,59887
1,6,129,473,60360
1,6,130,464,60824
1,6,131,467,61291
1,6,132,465,61756
1,6,133,465,62221
1,6,134,462,62683
1,6,135,463,63146
1,6,136,467,63613
1,6,137,462,64075
1,6,138,463,64538
1,6,139,466,65004
1,6,140,468,65472
1,6,141,462,65934
1,6,142,461,66395
1,6,143,467,66862
1,6,144,464,67326
1,6,145,462,67788
1,6,146,468,68256
1,6,147,459,68715
1,6,148,462,69177
1,6,149,459,69636
1,6,150,465,70101
1,6,151,468,70569
1,6,152,462,71031
1,6,153,461,71492
1,6,154,462,71954
1,6,155,462,72416
1,6,156,460,72876
1,6,157,464,73340
1,6,158,465,73805
1,6,159,464,74269
1,6,160,460,74729
1,6,161,458,75187
1,6,162,460,75647
1,6,163,462,76109
1,6,164,459,76568
1,6,165,460,77028
1,6,166,465,77493
1,6,167,462,77955
1,6,168,464,78419
1,6,169,464,78883
1,6,170,464,79347
1,6,171,464,79811
1,6,172,462,80273
1,6,173,470,80743
1,6,174,467,81210
1,6,175,468,81678
1,6,176,470,82148
1,6,177,470,82618
1,6,178,479,83097
1,6,179,467,83564
1,6,180,468,84032
1,6,181,458,84490
1,6,182,463,84953
1,6,183,468,85421
1,6,184,469,85890
1,6,185,465,86355
1,6,186,462,86817
1,6,187,461,87278
1,6,188,468,87746
1,6,189,465,88211
1,6,190,463,88674
1,6,191,462,89136
1,6,192,461,89597
1,6,193,460,90057
1,6,194,474,90531
1,6,195,461,90992
1,6,196,458,91450
1,6,197,466,91916
1,6,198,482,92398
1,6,199,468,92866
1,6,200,463,93329
1,7,1,416,416
1,7,2,396,812
1,7,3,380,1192
1,7,4,380,1572
1,7,5,399,1971
1,7,6,396,2367
1,7,7,345,2712
1,7,8,379,3091
1,7,9,375,3466
1,7,10,265,3731
1,7,11,354,4085
1,7,12,339,4424
1,7,13,336,4760
1,7,14,330,5090
1,7,15,215,5305
1,7,16,274,5579
1,7,17,247,5826
1,7,18,283,6109
1,7,19,231,6340
1,7,20,279,6619
1,7,21,265,6884
1,7,22,275,7159
1,7,23,277,7436
1,7,24,187,7623
1,7,25,171,7794
1,7,26,169,7963
1,7,27,242,8205
1,7,28,265,8470
1,7,29,185,8655
1,7,30,245,8900
1,7,31,256,9156
1,7,32,155,9311
1,7,33,155,9466
1,7,34,156,9622
1,7,35,239,9861
1,7,36,150,10011
1,7,37,257,10268
1,7,38,243,10511
1,7,39,242,10753
1,7,40,227,10980
1,7,41,143,11123
1,7,42,208,11331
1,7,43,197,11528
1,7,44,247,11775
1,7,45,249,12024
1,7,46,219,12243
1,7,47,202,12445
1,7,48,214,12659
1,7,49,142,12801
1,7,50,227,13028
1,7,51,219,13247
1,7,52,141,13388
1,7,53,221,13609
1,7,54,183,13792
1,7,55,138,13930
1,7,56,225,14155
1,7,57,250,14405
1,7,58,250,14655
1,7,59,135,14790
1,7,60,135,14925
1,7,61,211,15136
1,7,62,185,15321
1,7,63,228,15549
1,7,64,216,15765
1,7,65,166,15931
1,7,66,225,16156
1,7,67,230,16386
1,7,68,131,16517
1,7,69,203,16720
1,7,70,134,16854
1,7,71,135,16989
1,7,72,161,17150
1,7,73,134,17284
1,7,74,139,17423
1,7,75,135,17558
1,7,76,133,17691
1,7,77,135,17826
1,7,78,234,18060
1,7,79,136,18196
1,7,80,224,18420
1,7,81,199,18619
1,7,82,201,18820
1,7,83,129,18949
1,7,84,209,19158
1,7,85,230,19388
1,7,86,236,19624
1,7,87,234,19858
1,7,88,235,20093
1,7,89,224,20317
1,7,90,219,20536
1,7,91,226,20762
1,7,92,230,20992
1,7,93,243,21235
1,7,94,239,21474
1,7,95,240,21714
1,7,96,225,21939
1,7,97,212,22151
1,7,98,217,22368
1,7,99,207,22575
1,7,100,216,22791
1,7,101,216,23007
1,7,102,227,23234
1,7,103,181,23415
1,7,104,219,23634
1,7,105,209,23843
1,7,106,206,24049
1,7,107,207,24256
1,7,108,215,24471
1,7,109,205,24676
1,7,110,203,24879
1,7,111,215,25094
1,7,112,224,25318
1,7,113,216,25534
1,7,114,129,25663
1,7,115,128,25791
1,7,116,124,25915
1,7,117,124,26039
1,7,118,211,26250
1,7,119,204,26454
1,7,120,210,26664
1,7,121,151,26815
1,7,122,217,27032
1,7,123,209,27241
1,7,124,232,27473
1,7,125,224,27697
1,7,126,207,27904
1,7,127,143,28047
1,7,128,216,28263
1,7,129,203,28466
1,7,130,207,28673
1,7,131,202,28875
1,7,132,173,29048
1,7,133,215,29263
1,7,134,219,29482
1,7,135,218,29700
1,7,136,206,29906
1,7,137,186,30092
1,7,138,187,30279
1,7,139,200,30479
1,7,140,125,30604
1,7,141,221,30825
1,7,142,142,30967
1,7,143,218,31185
1,7,144,204,31389
1,7,145,205,31594
1,7,146,225,31819
1,7,147,151,31970
1,7,148,231,32201
1,7,149,124,32325
1,7,150,124,32449
1,7,151,142,32591
1,7,152,159,32750
1,7,153,144,32894
1,7,154,144,33038
1,7,155,132,33170
1,7,156,124,33294
1,7,157,123,33417
1,7,158,122,33539
1,7,159,123,33662
1,7,160,122,33784
1,7,161,122,33906
1,7,162,125,34031
1,7,163,124,34155
1,7,164,124,34279
1,7,165,215,34494
1,7,166,123,34617
1,7,167,135,34752
1,7,168,205,34957
1,7,169,222,35179
1,7,170,147,35326
1,7,171,150,35476
1,7,172,167,35643
1,7,173,149,35792
1,7,174,149,35941
1,7,175,121,36062
1,7,176,197,36259
1,7,177,198,36457
1,7,178,165,36622
1,7,179,149,36771
1,7,180,208,36979
1,7,181,170,37149
1,7,182,198,37347
1,7,183,193,37540
1,7,184,146,37686
1,7,185,160,37846
1,7,186,160,38006
1,7,187,159,38165
1,7,188,209,38374
1,7,189,203,38577
1,7,190,120,38697
1,7,191,216,38913
1,7,192,212,39125
1,7,193,216,39341
1,7,194,199,39540
1,7,195,219,39759
1,7,196,192,39951
1,7,197,208,40159
1,7,198,157,40316
1,7,199,203,40519
1,7,200,119,40638
1,8,1,546,546
1,8,2,561,1107
1,8,3,526,1633
1,8,4,480,2113
1,8,5,487,2600
1,8,6,460,3060
1,8,7,442,3502
1,8,8,371,3873
1,8,9,349,4222
1,8,10,167,4389
1,8,11,312,4701
1,8,12,260,4961
1,8,13,205,5166
1,8,14,253,5419
1,8,15,72,5491
1,8,16,147,5638
1,8,17,152,5790
1,8,18,191,5981
1,8,19,147,6128
1,8,20,164,6292
1,8,21,182,6474
1,8,22,174,6648
1,8,23,218,6866
1,8,24,120,6986
1,8,25,100,7086
1,8,26,58,7144
1,8,27,176,7320
1,8,28,190,7510
1,8,29,113,7623
1,8,30,191,7814
1,8,31,174,7988
1,8,32,59,8047
1,8,33,59,8106
1,8,34,66,8172
1,8,35,183,8355
1,8,36,55,8410
1,8,37,195,8605
1,8,38,198,8803
1,8,39,198,9001
1,8,40,191,9192
1,8,41,47,9239
1,8,42,174,9413
1,8,43,147,9560
1,8,44,187,9747
1,8,45,185,9932
1,8,46,184,10116
1,8,47,135,10251
1,8,48,137,10388
1,8,49,58,10446
1,8,50,184,10630
1,8,51,199,10829
1,8,52,53,10882
1,8,53,190,11072
1,8,54,155,11227
1,8,55,53,11280
1,8,56,189,11469
1,8,57,184,11653
1,8,58,190,11843
1,8,59,58,11901
1,8,60,63,11964
1,8,61,188,12152
1,8,62,139,12291
1,8,63,180,12471
1,8,64,186,12657
1,8,65,111,12768
1,8,66,190,12958
1,8,67,210,13168
1,8,68,37,13205
1,8,69,175,13380
1,8,70,58,13438
1,8,71,58,13496
1,8,72,157,13653
1,8,73,50,13703
1,8,74,52,13755
1,8,75,57,13812
1,8,76,56,13868
1,8,77,103,13971
1,8,78,200,14171
1,8,79,128,14299
1,8,80,173,14472
1,8,81,199,14671
1,8,82,177,14848
1,8,83,44,14892
1,8,84,205,15097
1,8,85,196,15293
1,8,86,197,15490
1,8,87,196,15686
1,8,88,202,15888
1,8,89,206,16094
1,8,90,183,16277
1,8,91,183,16460
1,8,92,193,16653
1,8,93,210,16863
1,8,94,209,17072
1,8,95,209,17281
1,8,96,201,17482
1,8,97,183,17665
1,8,98,185,17850
1,8,99,196,18046
1,8,100,182,18228
1,8,101,212,18440
1,8,102,200,18640
1,8,103,142,18782
1,8,104,183,18965
1,8,105,182,19147
1,8,106,183,19330
1,8,107,186,19516
1,8,108,184,19700
1,8,109,188,19888
1,8,110,183,20071
1,8,111,179,20250
1,8,112,187,20437
1,8,113,192,20629
1,8,114,79,20708
1,8,115,76,20784
1,8,116,48,20832
1,8,117,48,20880
1,8,118,186,21066
1,8,119,180,21246
1,8,120,183,21429
1,8,121,112,21541
1,8,122,200,21741
1,8,123,185,21926
1,8,124,213,22139
1,8,125,187,22326
1,8,126,189,22515
1,8,127,112,22627
1,8,128,184,22811
1,8,129,183,22994
1,8,130,187,23181
1,8,131,184,23365
1,8,132,164,23529
1,8,133,164,23693
1,8,134,200,23893
1,8,135,198,24091
1,8,136,179,24270
1,8,137,184,24454
1,8,138,186,24640
1,8,139,176,24816
1,8,140,46,24862
1,8,141,177,25039
1,8,142,112,25151
1,8,143,203,25354
1,8,144,197,25551
1,8,145,198,25749
1,8,146,196,25945
1,8,147,161,26106
1,8,148,214,26320
1,8,149,63,26383
1,8,150,47,26430
1,8,151,121,26551
1,8,152,168,26719
1,8,153,113,26832
1,8,154,112,26944
1,8,155,76,27020
1,8,156,71,27091
1,8,157,39,27130
1,8,158,80,27210
1,8,159,79,27289
1,8,160,83,27372
1,8,161,73,27445
1,8,162,81,27526
1,8,163,55,27581
1,8,164,88,27669
1,8,165,200,27869
1,8,166,60,27929
1,8,167,91,28020
1,8,168,183,28203
1,8,169,192,28395
1,8,170,72,28467
1,8,171,164,28631
1,8,172,153,28784
1,8,173,141,28925
1,8,174,128,29053
1,8,175,54,29107
1,8,176,186,29293
1,8,177,192,29485
1,8,178,161,29646
1,8,179,151,29797
1,8,180,188,29985
1,8,181,154,30139
1,8,182,188,30327
1,8,183,190,30517
1,8,184,135,30652
1,8,185,154,30806
1,8,186,154,30960
1,8,187,153,31113
1,8,188,188,31301
1,8,189,181,31482
1,8,190,50,31532
1,8,191,198,31730
1,8,192,191,31921
1,8,193,201,32122
1,8,194,188,32310
1,8,195,185,32495
1,8,196,188,32683
1,8,197,193,32876
1,8,198,167,33043
1,8,199,183,33226
1,8,200,58,33284
